0 2
3 6
7 10
12 15
16 19
20 23
24 30
31 34
35 41
42 46
47 53
52 57
58 63
64 67
68 71
72 83
84 87
88 91
92 95
96 109
110 121
122 125
126 129
130 133
134 138
139 140
141 144
145 148
149 152
153 156
157 160
161 168
169 172
173 183
184 191
192 199
200 203
204 207
208 215
216 218
219 223
224 235
236 239
240 243
244 260
261 271
273 284
285 288
289 304
305 308
309 312
313 322
323 332
333 336
337 340
341 348
349 356
357 360
361 364
365 372
373 376
377 380
381 388
389 391
390 395
396 399
400 421
422 431
432 435
436 439
440 443
444 457
458 461
462 473
475 489
490 495
496 506
507 513
514 523
524 527
528 531
532 542
541 546
547 550
551 554
555 560
562 565
566 569
570 575
576 582
581 589
590 599
598 604
605 611
612 615
616 622
623 626
627 632
633 636
637 640
641 646
647 650
651 654
655 669
670 675
676 677
678 681
682 685
687 688
689 692
693 704
705 708
709 714
715 724
725 727
726 735
736 743
744 747
748 764
765 768
769 771
770 776
777 785
784 789
790 793
794 796
795 804
805 808
809 812
813 818
819 822
823 826
827 829
828 845
846 853
854 861
862 870
871 873
874 881
882 887
888 891
892 895
896 901
902 904
903 906
907 911
910 915
916 926
927 934
935 940
941 948
949 952
953 960
961 969
970 973
974 981
982 989
990 997
998 1007
1008 1021
1022 1027
1028 1031
1032 1035
1036 1039
1040 1043
1044 1053
1054 1057
1058 1061
1062 1065
1066 1084
1085 1088
1089 1092
1093 1100
1101 1104
1105 1108
1109 1112
1113 1116
1117 1124
1125 1136
1137 1143
1144 1145
1146 1150
1151 1153
1152 1154
1155 1158
1159 1162
1163 1172
1173 1176
1177 1180
1181 1184
1185 1188
1189 1192
1193 1200
1201 1229
1230 1236
1237 1244
1245 1248
1249 1252
1253 1256
1257 1260
1261 1275
1277 1279
1280 1282
1283 1292
1293 1294
1295 1299
1301 1307
1308 1318
1319 1322
1323 1326
1327 1330
1331 1338
1339 1345
1346 1349
1350 1353
1354 1357
1358 1361
1362 1365
1366 1369
1370 1373
1374 1375
1376 1384
1385 1388
1389 1407
1408 1411
1412 1415
1416 1421
1422 1423
1424 1427
1426 1438
1439 1442
1443 1458
1459 1461
1460 1466
1467 1469
1468 1473
1474 1479
1480 1483
1484 1487
1488 1495
1496 1499
1502 1505
1506 1509
1510 1513
1514 1521
1522 1531
1532 1545
1547 1548
1549 1558
1559 1574
1575 1578
1579 1581
1580 1587
1588 1603
1604 1607
1608 1610
1611 1614
1615 1620
1619 1627
1628 1641
1642 1649
1650 1652
1653 1655
1656 1665
1666 1673
1674 1680
1679 1681
1682 1685
1686 1689
1690 1691
1692 1706
1707 1713
1714 1724
1723 1729
1730 1736
1737 1740
1739 1749
1750 1753
1754 1773
1774 1777
1778 1781
1782 1785
1786 1789
1790 1793
1794 1796
1797 1799
1800 1804
1805 1808
1809 1812
1813 1816
1817 1823
1824 1827
1828 1831
1832 1835
1836 1842
1843 1845
1844 1849
1850 1853
1854 1861
1862 1865
1866 1868
1869 1872
1873 1880
1881 1887
1888 1891
1892 1895
1896 1899
1900 1907
1908 1921
1922 1925
1926 1932
1933 1938
1939 1947
1948 1952
1953 1964
1965 1968
1969 1972
1973 1976
1977 1991
1992 1997
1998 2015
2016 2019
2020 2026
2027 2034
2035 2042
2043 2057
2058 2061
2062 2071
2072 2075
2076 2079
2080 2084
2086 2088
2089 2092
2093 2100
2101 2111
2112 2115
2116 2125
2127 2134
2135 2140
2139 2148
2149 2160
2161 2164
2165 2172
2173 2175
2176 2182
2183 2186
2187 2190
2191 2200
2201 2202
2203 2209
2210 2214
2215 2219
2220 2226
2227 2230
2231 2234
2235 2240
2241 2244
2245 2260
2261 2271
2272 2284
2285 2286
2287 2293
2294 2303
2304 2316
2317 2319
2320 2322
2321 2325
2326 2329
2330 2333
2334 2337
2338 2343
2344 2353
2354 2357
2358 2360
2359 2371
2372 2382
2383 2392
2393 2398
2399 2402
2404 2405
2406 2413
2414 2428
2429 2436
2437 2442
2443 2446
2447 2454
2455 2458
2459 2462
2463 2466
2467 2479
2480 2483
2484 2487
2488 2491
2492 2494
2493 2495
2496 2503
2504 2518
2519 2522
2523 2526
2528 2530
2531 2537
2540 2547
2548 2554
2555 2558
2559 2568
2569 2579
2580 2583
2584 2587
2588 2593
2595 2597
2598 2601
2602 2605
2606 2609
2610 2613
2614 2617
2618 2627
2628 2631
2632 2651
2652 2655
2656 2666
2667 2669
2670 2674
2675 2677
2678 2681
2682 2685
2686 2691
2692 2695
2696 2699
2700 2703
2704 2707
2708 2711
2712 2719
2720 2723
2724 2729
2730 2733
2734 2744
2745 2750
2751 2754
2755 2771
2772 2774
2775 2778
2779 2789
2790 2793
2794 2797
2798 2803
2804 2807
2808 2811
2812 2817
2818 2827
2828 2833
2834 2847
2848 2854
2855 2861
2862 2873
2874 2883
2884 2886
2887 2890
2891 2894
2895 2898
2899 2913
2914 2925
2926 2930
2931 2940
2939 2953
2954 2961
2962 2965
2966 2972
2973 2976
2977 2980
2981 2988
2989 2992
2993 2995
2994 2999
3000 3003
3004 3011
3012 3019
3020 3023
3024 3029
3030 3040
3041 3044
3045 3048
3049 3052
3053 3056
3057 3060
3061 3064
3065 3068
3069 3074
3075 3082
3083 3086
3087 3090
3091 3094
3095 3098
3099 3105
3106 3121
3122 3127
3128 3141
3142 3145
3146 3149
3150 3153
3154 3156
3155 3168
3169 3177
3178 3181
3182 3185
3186 3189
3190 3193
3194 3205
3206 3221
3222 3225
3226 3227
3228 3229
3230 3233
3234 3237
3238 3240
3239 3247
3248 3250
3249 3251
3252 3255
3256 3260
3261 3264
3265 3268
3269 3272
3273 3276
3277 3289
3290 3294
3295 3306
3307 3313
3314 3338
3339 3342
3343 3346
3347 3354
3355 3358
3359 3369
3370 3373
3374 3386
3387 3391
3392 3404
3405 3412
3413 3420
3421 3424
3425 3428
3429 3431
3433 3434
3435 3440
3441 3452
3453 3459
3460 3463
3464 3473
3474 3475
3476 3481
3482 3489
3490 3493
3494 3497
3498 3511
3512 3517
3518 3521
3522 3525
3527 3531
3532 3537
3538 3541
3542 3545
3546 3549
3550 3553
3554 3557
3558 3563
3564 3565
3566 3568
3569 3572
3573 3577
3578 3580
3581 3588
3589 3592
3593 3598
3599 3601
3602 3605
3606 3609
3610 3611
3612 3618
3619 3622
3623 3626
3627 3634
3635 3640
3641 3645
3646 3649
3650 3655
3656 3659
3660 3671
3672 3674
3673 3681
3683 3687
3688 3697
3698 3701
3702 3718
3719 3722
3721 3723
3725 3726
3727 3730
3731 3734
3735 3737
3736 3738
3739 3741
3742 3745
